data;
set CIUDADES := 0 1 2 3 4 5 6 7;
set CIUDADES_SO := 1 2 3 4 5 6 7;

param N := 7; 
param M1 := 15; 
param M2 := 150; 
param M3 := 50;
param TEF := 7; 
param TD := 5; 
param VEL := 4000;
param K0 := 0;
param ARG := 2;
param BRA := 6;
param PER := 7;

param C: 0 1 2 3 4 5 6 7:=
0	0.00	1882.76	1902.92	2277.82	2938.89	3694.22	4094.55	4741.25		
1	1882.76	0.00	203.69	1341.54	1070.24	1974.31	2274.62	3297.44		
2	1902.92	203.69	0.00	1138.40	1038.83	1862.78	2341.92	3141.36		
3	2277.82	1341.54	1138.40	0.00	1552.69	1693.29	3013.15	2471.21		
4	2938.89	1070.24	1038.83	1552.69	0.00	1050.35	1464.23	2516.18		
5	3694.22	1974.31	1862.78	1693.29	1050.35	0.00	1875.12	1481.96		
6	4094.55	2274.62	2341.92	3013.15	1464.23	1875.12	0.00	3169.20		
7	4741.25	3297.44	3141.36	2471.21	2516.18	1481.96	3169.20	0.00	
;

end;
